%%MatrixMarket matrix coordinate pattern symmetric 
7393 7393 25569
179 1
472 1
953 1
1038 1
1882 1
1969 1
3488 1
3937 1
5301 1
5995 1
2153 23
2189 23
2347 23
2523 23
2525 23
2647 23
3037 23
3096 23
3134 23
3143 23
3207 23
1785 52
1885 52
1912 52
2032 52
2170 52
2426 52
2487 52
2998 52
3250 52
5555 52
5997 52
1157 68
1922 68
1977 68
2771 68
5528 68
5712 68
6080 68
7229 68
208 69
187 70
215 70
5548 216
5596 216
5611 216
5949 216
6228 216
6240 216
6248 216
6792 216
274 217
331 217
1958 217
5555 241
5997 241
262 242
593 242
604 242
814 242
1184 242
1817 242
1891 242
2052 242
2249 242
3359 308
4843 308
4982 308
5769 308
7128 308
320 309
762 309
791 309
1099 309
1272 309
1282 309
7119 342
2771 343
3096 343
5580 343
539 344
883 344
1009 344
1355 344
1427 344
1637 344
1755 344
2286 375
4878 376
6313 376
724 377
740 377
785 377
956 377
2450 377
2771 377
2777 377
4471 377
3343 523
5795 523
604 524
876 524
1958 524
2112 524
535 525
630 525
695 525
829 525
1114 525
2136 887
2204 887
2231 887
2901 887
2954 887
2960 887
3710 887
3837 887
993 888
1893 888
2245 888
2132 997
3847 997
3876 997
6526 997
1272 998
1304 998
2902 998
2934 998
5135 998
5955 998
6101 998